124 1 -85.58 -180.0 -73.25 -100.0
 -83.830-180.000 -84.330-178.000 -84.500-174.000 -84.670-170.000
 -84.920-166.000 -85.420-163.000 -85.420-158.000 -85.580-152.000
 -85.330-146.000 -84.500-151.000 -84.000-153.500 -83.000-154.000
 -81.500-154.500 -81.170-153.000 -81.000-150.000 -80.920-146.500
 -80.330-148.000 -80.000-150.000 -79.670-152.500 -79.250-155.000
 -78.830-157.000 -78.420-156.670 -78.500-154.500 -78.080-156.670
 -77.500-158.330 -77.000-157.000 -77.170-154.000 -77.830-150.500
 -77.670-148.000 -77.250-146.000 -75.920-146.670 -75.830-144.000
 -75.580-142.000 -75.420-140.000 -75.250-138.330 -75.000-136.670
 -74.750-133.000 -75.420-130.830 -76.000-128.000 -75.170-126.330
 -74.330-124.500 -73.250-123.670 -73.750-121.330 -73.580-120.000
 -73.670-118.330 -73.670-116.670 -74.170-117.670 -75.170-116.330
 -75.250-113.670 -74.500-112.500 -74.000-111.500 -75.000-110.330
 -75.170-108.670 -74.500-109.500 -74.000-108.330 -75.080-107.500
 -75.080-106.000 -74.920-104.500 -74.580-102.670 -75.000-100.000
 -74.330-101.330 -74.000-100.670
98 1 -74.0 -102.5 -63.25 -57.17
 -74.000-100.670 -73.580-100.000 -73.080-100.000 -72.750-102.500
 -73.000-101.500 -72.920 -99.670 -73.080 -98.000 -73.750 -96.330
 -72.920 -97.500 -72.170 -99.670 -71.750 -99.830 -72.000 -98.330
 -72.080 -95.670 -72.580 -94.000 -72.750 -92.250 -72.920 -90.500
 -72.920 -88.750 -72.920 -87.000 -73.080 -85.500 -72.830 -83.000
 -72.920 -81.250 -73.000 -79.500 -72.420 -78.000 -72.580 -76.500
 -72.830 -75.000 -73.500 -74.500 -73.420 -73.000 -73.330 -71.500
 -73.170 -70.000 -73.080 -68.500 -72.330 -67.000 -70.920 -67.500
 -69.420 -68.500 -69.080 -66.670 -68.080 -66.830 -67.750 -68.500
 -66.920 -68.670 -67.000 -67.000 -66.580 -65.500 -65.500 -64.000
 -64.750 -62.670 -64.000 -61.000 -63.580 -58.830 -63.250 -57.170
 -63.830 -58.170 -64.420 -57.330 -64.500 -59.000 -64.670 -60.500
 -65.000 -61.330
100 1 -78.83 -67.33 -65.0 0.0
 -65.000 -61.330 -66.080 -62.330 -66.500 -64.000 -66.920 -64.670
 -68.080 -64.830 -68.750 -63.670 -69.670 -62.330 -70.920 -61.670
 -72.000 -61.670 -73.000 -59.830 -73.420 -61.500 -74.670 -61.670
 -75.170 -63.000 -76.500 -65.500 -77.000 -67.330 -77.170 -65.000
 -77.080 -62.500 -77.080 -60.000 -77.250 -57.670 -77.580 -56.000
 -77.920 -53.670 -78.250 -51.670 -78.500 -49.330 -78.750 -47.670
 -78.830 -44.000 -78.830 -41.000 -78.750 -38.500 -78.330 -36.330
 -77.500 -33.330 -77.170 -31.670 -76.830 -30.000 -76.500 -28.330
 -75.670 -26.000 -75.330 -24.000 -74.420 -22.330 -74.080 -20.670
 -73.420 -17.670 -72.920 -14.670 -72.580 -12.330 -71.670 -12.000
 -71.580 -11.000 -71.170  -9.000 -71.670  -7.330 -70.750  -6.830
 -71.330  -6.000 -71.330  -4.500 -71.250  -3.000 -70.250  -2.500
 -70.670  -1.000 -71.500   0.000
78 1 -71.5 0.0 -65.83 70.5
 -71.500   0.000 -70.920   2.670 -70.330   4.670 -70.330   6.330
 -70.080   8.670 -70.080  11.330 -70.170  14.330 -70.170  17.000
 -70.330  20.000 -70.420  21.500 -70.580  23.000 -70.420  24.670
 -70.170  27.000 -69.830  30.000 -69.500  32.000 -69.500  33.500
 -68.580  34.330 -69.330  36.000 -69.580  38.330 -69.500  39.830
 -68.500  41.330 -67.830  43.330 -67.750  46.000 -67.670  48.170
 -67.830  49.830 -66.500  50.500 -65.920  52.170 -65.830  53.670
 -65.920  55.170 -66.420  57.170 -66.920  57.000 -67.170  59.000
 -67.330  60.670 -67.670  62.670 -67.580  65.000 -67.830  67.670
 -67.670  69.500 -69.000  70.500 -69.580  69.830
72 1 -70.42 69.83 -65.83 137.33
 -69.580  69.830 -70.420  71.670 -69.750  72.330 -69.670  74.500
 -69.500  76.170 -69.080  78.000 -68.000  80.500 -67.330  82.500
 -67.000  85.000 -66.670  87.670 -66.750  89.670 -66.500  92.000
 -66.580  94.000 -66.670  96.000 -66.670  97.670 -66.580  99.330
 -66.080 101.500 -65.920 104.000 -66.250 106.000 -66.580 108.000
 -66.580 109.500 -66.080 110.670 -65.830 112.670 -66.000 114.500
 -66.500 116.500 -66.830 119.000 -66.670 121.500 -66.750 123.330
 -66.500 124.830 -66.250 126.500 -66.920 128.330 -66.920 130.000
 -66.170 132.000 -66.170 134.330 -66.330 136.330 -66.330 137.330
72 1 -83.83 137.33 -66.33 180.0
 -66.330 137.330 -66.580 139.330 -66.750 142.000 -67.000 144.330
 -67.500 146.000 -68.420 148.330 -68.500 150.330 -68.580 152.670
 -68.580 154.330 -69.330 156.000 -69.080 157.500 -69.500 160.000
 -70.500 161.170 -70.170 162.330 -70.580 163.170 -70.580 164.670
 -70.830 167.330 -71.500 170.000 -72.000 170.170 -73.170 168.500
 -73.250 167.000 -74.170 165.330 -75.170 163.000 -76.500 163.000
 -78.000 164.670 -78.500 164.000 -78.750 161.500 -79.170 160.000
 -81.000 160.330 -81.920 162.330 -82.420 164.000 -82.830 166.000
 -83.250 168.500 -83.500 171.500 -83.500 176.000 -83.830 180.000
60 1 -41.0 -81.33 0.0 -70.08
   0.000 -80.080  -1.670 -80.750  -3.000 -80.170  -3.330 -80.000
  -4.250 -81.330  -5.670 -80.830  -6.830 -80.000  -8.170 -79.000
  -9.670 -78.330 -11.330 -77.500 -13.000 -76.500 -14.670 -75.830
 -15.750 -74.500 -16.580 -72.830 -17.250 -71.500 -18.250 -70.330
 -20.000 -70.080 -21.500 -70.080 -23.000 -70.500 -24.500 -70.580
 -26.330 -70.580 -28.000 -71.170 -30.000 -71.250 -31.330 -71.580
 -33.170 -71.670 -35.000 -72.170 -36.500 -72.830 -37.750 -73.670
 -39.500 -73.250 -41.000 -73.830
58 1 -53.67 -75.5 -41.0 -65.83
 -41.000 -73.830 -41.500 -73.000 -42.330 -72.750 -43.750 -72.830
 -45.000 -73.330 -44.670 -73.580 -44.170 -74.250 -45.580 -74.670
 -46.580 -75.500 -46.830 -74.000 -48.330 -74.500 -48.580 -75.420
 -49.920 -75.000 -50.000 -74.500 -51.170 -75.000 -51.000 -74.330
 -51.750 -75.000 -52.580 -74.000 -53.420 -72.500 -52.830 -71.080
 -53.670 -72.000 -53.250 -70.920 -52.500 -69.580 -51.830 -68.830
 -50.170 -68.500 -49.000 -67.500 -48.000 -65.830 -47.170 -66.500
 -46.500 -67.420
64 1 -46.5 -67.42 -21.5 -41.0
 -46.500 -67.420 -45.250 -66.830 -44.670 -65.580 -43.330 -65.000
 -42.500 -64.500 -42.080 -63.750 -41.500 -65.000 -41.000 -64.330
 -40.920 -62.330 -39.500 -62.000 -39.000 -61.250 -38.750 -59.330
 -38.170 -57.580 -36.830 -56.670 -35.330 -57.170 -34.330 -58.500
 -34.420 -57.170 -34.750 -55.670 -34.500 -54.000 -33.000 -52.580
 -31.830 -51.500 -30.500 -50.330 -29.000 -49.420 -27.500 -48.500
 -25.830 -48.580 -24.580 -47.250 -23.670 -45.750 -23.330 -44.500
 -23.000 -43.500 -22.920 -42.000 -22.000 -41.000 -21.500 -41.000
64 1 -21.5 -57.33 6.25 -34.83
 -21.500 -41.000 -20.000 -40.170 -18.500 -39.580 -16.580 -39.080
 -15.000 -39.000 -13.330 -38.920 -12.000 -37.580 -10.750 -36.750
  -9.580 -35.580  -8.170 -34.830  -6.420 -35.000  -5.080 -36.000
  -4.500 -37.830  -3.500 -39.000  -2.830 -40.500  -2.750 -42.000
  -2.420 -43.500  -2.330 -44.420  -1.330 -45.500  -0.670 -47.250
  -1.580 -48.500  -0.170 -49.000  -0.420 -50.420  -1.000 -50.830
  -0.170 -51.170   1.000 -50.000   2.500 -50.670   4.250 -51.500
   5.170 -52.750   5.830 -54.500   5.830 -56.000   6.250 -57.330
58 1 6.25 -83.83 15.33 -57.33
   6.250 -57.330   7.170 -58.500   8.250 -59.670   9.000 -60.830
   9.830 -62.000  10.670 -62.170  10.670 -64.000  10.170 -65.580
  10.500 -67.000  10.750 -68.330  11.500 -69.750  11.500 -70.170
  10.330 -71.420   9.000 -71.670  10.580 -71.500  11.670 -71.420
  12.170 -72.000  11.170 -73.500  11.000 -74.830   9.500 -75.580
   8.580 -76.750   8.670 -77.500   9.580 -79.080   8.920 -80.830
   9.420 -82.330  10.420 -83.420  12.170 -83.670  13.830 -83.500
  15.330 -83.830
58 1 15.33 -97.75 30.08 -83.83
  15.330 -83.830  15.830 -85.500  15.670 -87.000  15.830 -88.580
  17.000 -88.250  17.920 -87.920  19.500 -87.500  20.920 -86.830
  21.580 -88.000  21.250 -89.500  20.000 -90.500  18.830 -91.330
  18.670 -92.420  18.170 -94.170  18.830 -95.830  20.170 -96.670
  21.580 -97.250  22.830 -97.750  24.330 -97.750  25.750 -97.170
  27.670 -97.330  28.670 -96.000  29.670 -95.080  29.750 -93.830
  29.580 -92.250  29.080 -90.750  29.000 -89.250  30.080 -89.250
  30.080 -90.420
56 1 25.33 -90.42 40.33 -74.0
  30.080 -90.420  30.500 -89.170  30.330 -87.830  30.500 -86.330
  29.750 -84.830  29.750 -83.500  28.580 -82.670  27.420 -82.580
  25.830 -81.670  25.330 -80.420  27.000 -80.080  28.500 -80.580
  30.000 -81.330  31.500 -81.250  32.670 -80.000  33.920 -78.420
  34.750 -76.580  35.330 -76.000  35.920 -76.750  36.080 -75.750
  37.500 -76.420  38.170 -76.420  39.500 -76.000  38.250 -75.920
  37.250 -75.750  39.000 -75.420  39.330 -74.500  40.330 -74.000
62 1 40.33 -74.0 50.33 -60.42
  40.330 -74.000  41.250 -73.000  41.420 -71.500  41.670 -70.000
  42.170 -70.670  43.500 -70.250  44.420 -68.830  44.830 -67.000
  45.330 -65.580  45.420 -64.250  44.580 -65.920  43.830 -65.000
  44.500 -63.670  45.000 -62.000  45.670 -60.420  46.830 -60.420
  45.750 -61.500  45.750 -63.250  46.750 -64.920  47.580 -65.670
  48.080 -65.330  49.080 -64.580  49.080 -66.750  48.420 -68.670
  47.330 -70.080  47.170 -70.750  48.580 -69.250  49.330 -67.330
  50.250 -66.000  50.330 -64.000  50.250 -63.420
72 1 50.08 -82.42 62.5 -56.0
  50.250 -63.420  50.080 -61.670  50.170 -60.000  51.170 -58.670
  51.500 -56.830  52.750 -56.000  53.670 -57.250  54.500 -57.500
  55.170 -59.250  55.670 -60.500  56.750 -61.750  58.000 -62.330
  59.500 -63.830  60.000 -65.170  59.000 -65.670  58.170 -67.750
  59.250 -69.500  60.920 -69.500  61.000 -71.000  61.830 -72.250
  62.420 -73.670  62.250 -75.500  62.500 -77.420  61.580 -77.500
  60.500 -77.580  59.170 -77.920  58.420 -78.080  57.250 -77.000
  55.580 -77.250  54.830 -78.750  53.750 -78.920  52.170 -78.420
  51.330 -79.830  51.750 -80.750  52.920 -82.330  54.250 -82.420
88 1 54.25 -96.92 74.17 -81.33
  54.250 -82.420  55.250 -83.000  55.250 -85.000  55.830 -86.830
  56.750 -89.000  57.250 -91.000  57.250 -92.330  58.670 -93.080
  59.080 -94.750  60.580 -94.420  61.920 -93.170  62.750 -91.580
  63.420 -90.670  64.000 -88.500  65.000 -87.000  66.170 -86.000
  66.580 -85.500  66.170 -83.750  67.000 -81.420  67.830 -82.420
  68.580 -81.330  69.330 -82.750  69.830 -84.250  69.330 -85.500
  67.830 -86.500  67.830 -88.170  69.250 -88.920  69.080 -90.670
  69.750 -92.420  70.670 -91.920  71.420 -93.500  72.250 -93.500
  72.750 -93.080  73.170 -91.330  74.020 -91.170  74.170 -93.170
  74.000 -95.170  72.670 -95.000  71.500 -95.830  69.830 -95.670
  69.420 -94.000  68.000 -95.170  67.820 -96.830  68.380 -96.920
100 1 64.42 -167.83 71.33 -96.42
  68.380 -96.920  69.330 -96.420  69.830 -97.920  69.000 -99.580
  68.580 -98.000  67.580-100.000  67.750-101.750  68.350-104.580
  68.750-106.920  68.250-109.000  67.580-108.170  68.000-110.250
  67.670-113.000  67.830-115.330  68.720-114.670  69.000-117.500
  69.470-120.250  69.830-123.000  69.420-124.330  69.420-125.330
  70.080-126.670  70.000-128.500  70.250-129.830  69.670-132.580
  69.580-134.170  69.170-135.920  69.000-137.330  69.580-139.500
  69.620-141.000  70.080-142.830  70.000-145.080  70.220-147.500
  70.470-149.000  70.480-151.500  70.870-154.330  71.330-156.330
  70.830-159.000  70.330-161.580  69.450-163.000  68.920-164.830
  68.330-166.170  67.670-164.000  66.830-162.500  66.080-163.750
  66.250-165.750  65.580-167.830  65.330-166.330  64.500-164.920
  64.420-162.670  64.830-161.000
82 1 54.67 -166.0 64.83 -134.67
  64.830-161.000  63.500-161.000  63.000-163.000  63.000-164.670
  61.500-166.000  60.080-164.330  60.080-162.170  58.750-161.580
  58.920-159.580  58.670-158.000  57.580-157.670  56.830-159.000
  56.000-160.500  55.670-162.330  55.000-163.920  54.670-163.670
  55.170-162.000  55.580-160.500  56.000-158.750  57.000-156.670
  57.830-155.250  58.500-153.830  59.420-153.830  60.080-152.500
  61.250-150.670  60.750-151.330  59.500-151.420  59.250-150.920
  59.920-149.500  60.420-148.170  60.830-146.670  60.250-145.000
  60.000-143.000  59.750-141.080  59.420-139.500  58.750-137.920
  58.170-136.500  56.750-135.170  57.420-135.000  58.250-135.170
  58.250-134.670
58 1 34.58 -134.67 58.25 -120.58
  58.250-134.670  57.250-134.000  57.080-133.830  56.330-133.670
  55.080-132.500  55.830-132.580  56.080-132.000  54.750-130.750
  54.170-130.170  53.170-129.750  52.330-128.420  50.830-127.000
  50.420-125.500  49.500-123.750  49.000-122.750  47.500-122.500
  48.170-123.170  48.420-124.670  47.000-124.080  46.170-123.920
  44.500-124.000  42.830-124.500  41.000-124.080  39.670-123.750
  38.330-122.920  37.920-122.330  37.000-122.170  36.000-121.420
  34.580-120.580
60 1 19.33 -120.58 34.58 -104.92
  34.580-120.580  34.080-118.750  33.420-117.500  32.000-116.750
  30.750-116.000  29.500-115.170  28.420-114.000  27.500-114.500
  26.750-113.170  25.670-112.080  24.580-111.670  23.500-110.330
  23.330-109.420  24.250-110.580  25.500-111.000  27.000-112.000
  28.330-112.920  29.580-114.000  31.000-114.750  31.580-113.830
  30.250-112.830  28.500-111.670  27.420-110.580  26.330-109.250
  25.250-108.330  24.000-107.170  22.750-106.000  21.500-105.170
  20.330-105.670  19.330-104.920
56 1 0.0 -104.92 19.33 -77.33
  19.330-104.920  18.330-103.500  18.000-102.000  17.080-100.500
  16.580 -99.000  16.000 -97.420  15.920 -95.670  15.920 -93.830
  14.670 -92.330  13.920 -91.000  13.420 -89.330  13.170 -87.830
  12.580 -87.330  11.500 -86.170   9.920 -85.670   9.330 -84.000
   8.170 -83.000   7.750 -81.500   7.250 -80.500   8.330 -80.080
   8.750 -78.750   7.420 -78.170   6.170 -77.500   4.500 -77.330
   3.250 -77.500   2.170 -78.670   1.000 -79.330   0.000 -80.080
26 1 46.42 -92.08 49.0 -84.5
  46.670 -92.080  46.500 -90.500  47.000 -89.000  47.080 -88.420
  46.420 -87.330  46.670 -85.830  46.500 -84.500  47.920 -85.000
  48.750 -86.500  49.000 -88.080  48.080 -89.420  47.330 -91.000
  46.670 -92.080
36 1 42.17 -88.0 46.25 -80.25
  44.580 -88.000  44.170 -87.580  42.170 -87.830  42.170 -86.420
  43.670 -86.500  45.170 -85.330  45.500 -84.080  44.420 -83.330
  43.920 -83.420  43.080 -82.420  44.420 -81.500  44.750 -80.920
  45.420 -80.250  46.080 -81.670  46.250 -83.670  45.920 -84.830
  45.750 -86.750  44.580 -88.000
32 1 -55.42 -74.5 -52.58 -65.67
 -52.580 -68.750 -52.830 -70.250 -53.330 -69.420 -54.170 -70.330
 -54.000 -71.330 -53.250 -73.330 -53.000 -74.500 -53.830 -73.330
 -54.420 -72.000 -55.170 -70.500 -55.420 -68.670 -55.250 -67.330
 -55.000 -65.670 -54.500 -66.330 -53.670 -68.000 -52.580 -68.750
32 1 19.83 -84.83 23.17 -74.25
  21.830 -84.830  22.170 -83.420  22.500 -81.580  22.000 -80.500
  21.580 -78.750  20.670 -77.250  19.830 -77.000  19.830 -75.500
  20.250 -74.250  20.580 -75.670  21.500 -77.000  22.330 -78.830
  23.000 -80.500  23.170 -82.000  22.830 -83.500  21.830 -84.830
24 1 17.58 -74.5 19.92 -68.75
  18.330 -74.500  18.080 -72.750  17.580 -71.420  18.170 -70.580
  18.420 -69.000  18.920 -68.750  19.330 -69.750  19.830 -71.670
  19.920 -73.170  19.000 -72.750  18.330 -73.250  18.330 -74.500
36 1 46.92 -59.33 51.33 -52.92
  47.920 -59.330  47.580 -57.580  47.580 -56.080  46.920 -55.920
  47.420 -54.420  47.080 -53.670  47.170 -52.920  48.080 -53.000
  48.080 -53.750  48.500 -53.750  49.420 -54.000  49.670 -55.920
  49.750 -56.830  51.080 -55.750  51.330 -56.670  50.080 -57.670
  48.580 -58.750  47.920 -59.330
54 1 62.0 -90.0 71.75 -64.25
  71.750 -90.000  70.830 -88.250  70.080 -85.750  69.920 -82.330
  69.580 -79.830  70.250 -78.080  69.330 -75.830  69.000 -75.000
  68.170 -73.000  66.920 -73.000  66.170 -74.580  65.330 -74.670
  65.500 -77.500  64.250 -78.000  64.250 -76.500  64.420 -74.670
  64.000 -72.750  63.000 -71.080  62.670 -69.330  62.000 -67.170
  62.670 -66.920  63.420 -68.500  63.580 -67.750  62.920 -65.750
  63.580 -64.250  64.830 -65.750  65.250 -66.830
50 1 65.0 -90.0 73.83 -62.17
  65.250 -66.830  65.920 -65.500  65.000 -63.830  65.670 -62.330
  67.000 -62.170  67.670 -64.250  68.080 -66.750  69.000 -68.080
  69.580 -67.920  70.500 -68.330  71.420 -71.250  71.750 -74.000
  72.500 -75.750  72.800 -77.830  72.470 -80.170  72.670 -80.830
  73.830 -81.670  73.420 -84.330  72.500 -85.580  72.000 -86.330
  73.530 -85.500  73.800 -84.000  73.830 -87.000  73.170 -89.080
  71.750 -90.000
88 1 76.17 -90.5 83.08 -61.17
  81.500 -90.500  80.670 -88.250  80.670 -85.500  80.800 -83.500
  80.800 -80.670  80.920 -77.670  80.630 -79.580  80.470 -82.500
  80.420 -85.830  79.700 -85.170  78.750 -86.000  78.170 -87.580
  77.920 -85.580  77.830 -88.000  77.130 -88.170  76.420 -89.500
  76.330 -87.750  76.250 -85.170  76.330 -82.670  76.170 -81.000
  76.420 -79.000  77.250 -79.250  77.580 -77.670  78.000 -75.830
  79.500 -74.000  79.720 -71.500  80.200 -70.000  80.950 -66.750
  81.420 -64.330  81.950 -62.500  82.420 -61.170  82.550 -62.920
  82.800 -64.420  82.920 -67.170  83.080 -69.750  83.080 -72.500
  82.980 -74.500  83.050 -76.830  82.920 -80.750  82.580 -82.580
  82.330 -85.000  82.130 -86.670  81.920 -89.000  81.500 -90.500
32 1 74.5 -117.75 76.58 -106.0
  75.250-117.750  74.970-115.250  74.920-113.250  74.500-114.000
  74.530-111.670  75.000-109.500  74.950-107.420  75.470-106.000
  76.020-107.000  76.330-108.580  76.580-110.000  76.100-109.830
  75.570-111.420  76.420-114.330  76.130-116.420  75.250-117.750
52 1 68.65 -119.0 73.67 -100.83
  71.600-119.000  71.030-118.080  70.670-115.420  70.420-112.670
  70.170-115.500  69.500-116.420  69.250-113.750  68.650-111.670
  68.750-110.000  69.000-108.420  69.500-106.000  68.870-103.830
  69.300-101.500  69.750-100.830  70.400-102.330  71.050-104.750
  72.580-105.500  73.420-104.170  73.670-106.580  72.670-108.000
  73.000-109.580  73.080-111.920  73.300-113.670  73.020-115.750
  72.580-118.000  71.600-119.000
96 1 60.0 -73.0 78.17 -23.17
  78.170 -73.000  77.920 -70.330  77.350 -68.420  77.250 -70.000
  76.800 -70.250  76.600 -68.750  76.130 -68.500  75.920 -66.580
  76.170 -63.420  76.170 -61.670  75.820 -60.000  75.670 -58.330
  74.500 -56.500  73.170 -55.500  71.680 -55.750  71.420 -54.000
  71.170 -52.750  70.500 -51.250  70.800 -52.830  70.250 -54.580
  69.300 -53.670  69.470 -52.170  69.330 -50.750  68.580 -52.580
  67.580 -53.670  66.000 -53.500  64.920 -52.000  63.580 -51.250
  62.500 -50.080  61.420 -49.000  60.750 -46.670  60.170 -45.170
  60.000 -43.250  61.500 -42.500  63.000 -41.500  64.500 -40.420
  65.080 -40.000  65.670 -38.500  65.670 -37.000  66.330 -34.750
  67.080 -33.420  67.920 -32.170  68.170 -30.000  68.580 -27.500
  69.080 -25.250  69.750 -23.170  70.170 -23.750  70.170 -26.330
108 1 70.17 -73.0 83.65 -11.67
  70.170 -26.330  71.170 -25.500  70.580 -24.000  70.500 -21.830
  71.830 -22.580  72.500 -24.580  72.080 -22.000  73.050 -23.000
  73.470 -20.330  74.000 -21.500  74.250 -19.250  74.670 -20.080
  76.200 -20.000  76.300 -21.500  76.750 -18.420  77.920 -19.670
  79.130 -18.500  79.970 -17.170  80.750 -14.330  81.320 -11.670
  81.680 -13.250  81.800 -16.420  81.480 -18.170  81.320 -20.750
  81.080 -22.500  80.920 -24.830  81.630 -22.000  82.030 -23.670
  81.680 -25.330  82.070 -29.830  82.250 -28.250  82.220 -25.580
  82.320 -22.170  82.570 -20.000  82.850 -21.670  82.980 -24.000
  83.550 -27.330  83.580 -31.500  83.650 -36.000  83.420 -39.500
  83.200 -44.000  82.830 -46.500  82.470 -50.500  82.330 -54.500
  82.080 -59.330  81.750 -62.000  81.180 -63.750  80.530 -66.750
  80.080 -65.000  79.200 -65.670  79.020 -68.670  78.750 -70.330
  78.580 -72.330  78.170 -73.000
34 1 63.42 -24.33 66.5 -13.67
  65.500 -24.330  65.580 -22.750  65.080 -22.830  64.750 -22.580
  63.830 -22.750  63.830 -21.000  63.420 -18.750  63.830 -16.750
  64.420 -14.500  65.500 -13.670  66.330 -14.750  66.500 -16.250
  66.170 -18.250  66.080 -20.250  65.420 -21.420  66.420 -23.000
  65.500 -24.330
60 1 -34.75 9.0 0.0 27.08
   0.000   9.330  -1.330   9.000  -2.750   9.830  -3.750  11.000
  -5.330  12.170  -6.750  12.670  -8.170  13.250  -9.920  13.330
 -11.830  13.830 -13.330  12.670 -15.000  12.170 -16.500  11.830
 -18.500  12.080 -19.750  12.920 -21.250  13.750 -22.920  14.420
 -24.420  14.580 -25.920  14.920 -27.500  15.330 -28.580  16.420
 -30.000  17.170 -31.420  17.920 -32.830  18.080 -34.250  18.420
 -34.750  20.170 -34.420  21.750 -34.170  23.250 -34.250  24.750
 -33.750  26.580 -33.670  27.080
64 1 -33.67 27.08 4.58 47.92
 -33.670  27.080 -32.750  28.500 -31.670  29.580 -30.500  30.670
 -29.170  31.500 -28.080  32.580 -26.580  32.920 -25.330  33.420
 -24.750  34.920 -23.080  35.500 -21.420  35.170 -20.000  34.750
 -18.830  36.250 -17.500  37.330 -17.080  38.920 -16.000  40.080
 -14.670  40.750 -13.000  40.420 -12.500  40.420 -11.000  40.500
  -9.420  39.670  -7.580  39.330  -6.080  38.750  -4.580  39.330
  -3.000  40.250  -2.080  41.080  -0.920  42.080   0.420  43.170
   1.420  44.420   2.250  45.750   3.420  46.920   4.580  47.920
60 1 4.58 32.33 29.83 51.0
   4.580  47.920   5.750  48.920   7.250  49.500   8.920  50.420
  10.420  51.000  11.920  50.580  11.170  49.000  11.080  47.420
  10.750  45.750  10.420  44.250  11.670  42.920  12.830  42.830
  14.080  41.580  15.000  40.080  16.500  39.170  18.000  38.580
  19.250  37.330  20.750  37.250  22.250  36.580  23.580  35.500
  25.250  34.750  26.670  34.000  28.170  33.250  29.830  32.330
  28.750  33.250  27.920  34.420  29.500  35.000  28.000  34.670
  27.170  35.750  26.670  36.080
58 1 12.67 36.08 26.67 59.83
  26.670  36.080  25.330  37.080  24.080  38.000  22.750  39.000
  20.920  39.170  20.080  40.330  18.670  41.250  17.000  42.420
  15.170  42.750  13.750  43.250  12.670  43.920  13.000  45.420
  13.330  47.080  14.080  48.830  14.920  50.250  15.420  51.750
  16.500  52.920  17.000  54.420  17.830  55.920  18.830  57.080
  20.000  57.830  21.170  59.000  22.420  59.830  23.500  58.830
  24.000  57.250  25.330  56.420  25.580  55.670  24.580  54.500
  24.080  53.830
58 1 19.75 48.33 30.25 72.83
  24.080  53.830  23.920  52.420  24.750  51.580  26.000  51.080
  25.830  50.170  27.420  49.250  28.750  48.330  29.580  48.330
  30.250  49.250  29.250  50.670  27.830  51.500  27.000  53.000
  26.420  54.750  27.000  56.250  25.750  57.330  25.420  59.170
  25.250  60.750  25.170  62.420  25.250  64.250  25.420  66.080
  24.330  67.330  23.080  68.670  22.920  70.330  22.250  69.080
  21.000  70.080  20.920  71.670  22.250  72.330  20.830  72.830
  19.750  72.670
56 1 8.33 72.67 22.33 95.5
  19.750  72.670  18.080  73.000  16.420  73.330  15.000  74.080
  13.500  74.670  12.000  75.250  10.670  76.000   9.000  76.500
   8.330  78.000   9.250  79.000  10.250  79.830  11.750  79.750
  13.250  80.330  15.000  80.080  16.170  81.170  17.000  82.330
  18.080  83.670  19.000  84.830  19.920  86.420  21.420  87.080
  21.500  88.330  21.830  90.250  22.330  91.750  20.670  92.500
  19.500  93.750  18.330  94.330  16.580  94.420  15.750  95.500
64 1 1.42 95.5 16.58 109.0
  15.750  95.500  16.580  96.750  15.830  97.750  14.250  98.080
  12.500  98.750  11.000  98.750   9.580  98.500   8.080  98.420
   7.000  99.750   5.670 100.330   4.250 100.580   2.830 101.420
   1.920 102.750   1.420 104.250   2.920 103.420   4.420 103.420
   5.750 102.670   6.830 101.500   7.750 100.420   9.250  99.830
  10.250  99.170  11.670  99.750  13.330 100.000  12.750 100.920
  12.250 102.250  10.920 103.250  10.250 104.500   9.080 104.830
   9.330 105.830  10.420 106.670  10.920 108.080  11.420 109.000
56 1 11.42 105.58 35.58 121.92
  11.420 109.000  13.250 109.250  14.750 109.000  16.170 108.080
  17.330 106.830  19.000 105.580  20.250 106.420  21.250 107.580
  21.670 109.000  20.750 109.750  20.920 110.250  21.750 112.000
  22.500 113.080  22.250 114.170  22.750 115.500  23.420 117.000
  24.580 118.170  25.580 119.420  26.670 120.000  28.170 121.080
  29.170 121.920  30.250 121.330  30.670 121.170  31.670 121.250
  32.420 121.250  33.830 120.500  34.830 119.170  35.580 119.670
60 1 34.67 117.58 43.92 135.5
  35.580 119.670  36.580 120.830  36.830 122.330  37.420 121.580
  37.330 120.000  37.750 118.830  38.580 117.580  39.170 119.000
  40.170 120.420  40.830 121.920  39.750 121.500  38.830 121.580
  39.580 123.000  39.670 124.670  38.500 125.000  37.750 126.080
  36.920 126.170  35.330 126.330  34.670 127.170  35.170 129.080
  37.000 129.330  38.250 128.500  39.250 127.330  40.080 128.250
  40.830 129.670  42.250 130.670  43.250 131.750  42.670 133.080
  43.420 135.000  43.920 135.500
68 1 43.92 135.5 62.67 164.42
  43.920 135.500  45.250 136.920  46.500 138.250  48.000 139.500
  49.420 140.500  51.000 140.500  52.420 141.080  53.500 140.750
  54.170 139.500  53.500 137.330  53.750 136.670  54.500 135.920
  55.170 135.920  55.920 137.250  56.830 138.500  57.750 140.250
  58.670 141.670  59.330 143.670  59.330 145.580  59.250 147.420
  59.420 148.920  59.500 150.830  59.080 151.080  59.000 152.920
  59.170 155.170  60.000 154.500  61.170 156.330  61.750 157.920
  61.670 159.500  61.250 159.830  60.920 161.000  61.670 162.920
  62.670 164.420  62.250 164.080
66 1 51.25 155.5 65.05 180.0
  62.250 164.080  60.830 163.500  60.420 161.920  59.250 160.080
  58.000 158.250  57.420 157.000  56.330 155.750  54.830 155.500
  53.330 156.000  51.670 156.500  51.250 157.330  52.830 158.580
  53.580 159.830  54.580 161.170  55.170 161.670  56.250 162.420
  56.830 162.670  57.920 162.580  58.580 162.330  59.830 163.330
  60.170 165.330  60.170 166.830  60.500 169.170  60.420 170.670
  61.000 172.330  61.670 173.830  62.080 175.330  62.500 177.000
  62.250 179.000  63.500 178.830  64.330 177.500  64.670 178.670
  65.050 180.000
28 1 64.25 -180.0 69.08 -170.58
  65.050-180.000  66.000-179.920  65.500-178.500  65.580-177.000
  64.750-175.080  64.250-173.000  65.500-172.170  65.830-170.580
  66.500-170.830  67.080-173.170  67.500-175.000  68.170-176.920
  68.750-179.080  69.080-180.000
98 1 68.75 106.5 74.5 180.0
  69.080 180.000  69.580 177.420  69.830 174.670  70.000 172.000
  69.500 170.580  68.750 169.580  69.580 168.250  70.000 168.250
  69.580 165.670  69.670 164.000  69.580 162.250  69.580 160.670
  70.250 160.000  71.000 157.500  71.080 156.000  70.920 153.500
  71.420 151.580  71.670 150.000  72.330 148.500  72.330 146.830
  72.580 145.250  72.750 142.420  72.830 140.670  72.500 139.750
  71.500 140.170  71.580 138.580  71.500 136.670  71.580 135.000
  71.500 133.500  71.500 132.250  70.920 130.330  71.830 128.750
  73.250 128.580  73.420 126.920  73.670 124.830  73.670 123.000
  72.920 122.000  73.000 120.000  73.170 118.500  73.580 117.250
  73.670 114.830  74.080 112.830  74.500 112.080  74.080 112.830
  73.830 111.170  73.750 109.500  73.330 108.830  73.170 106.500
  73.580 107.170
96 1 66.25 71.58 77.75 113.83
  73.580 107.170  74.170 109.670  74.920 112.500  75.750 113.830
  76.500 112.420  76.750 109.580  76.500 107.830  77.000 107.500
  77.080 106.000  77.080 104.250  77.420 106.080  77.750 104.080
  77.420 102.500  77.000 101.000  76.500  99.000  76.000  96.670
  76.080  94.750  76.080  93.250  75.580  90.580  75.330  88.670
  74.670  86.580  73.830  85.250  73.670  83.750  73.580  82.000
  73.500  80.330  72.250  82.170  71.670  81.580  72.330  79.500
  72.580  77.750  72.000  78.330  71.920  76.080  71.250  78.000
  71.170  76.920  71.330  75.330  72.750  75.500  72.670  75.080
  71.830  73.750  71.000  73.830  69.670  73.670  69.000  75.500
  67.670  74.830  66.830  73.500  66.250  71.580  67.000  71.830
  67.750  73.170  69.000  72.580  70.580  72.670  71.920  72.420
78 1 63.92 32.25 73.33 72.42
  71.920  72.420  72.920  71.330  73.330  70.080  72.000  68.750
  71.250  67.000  70.000  66.920  69.000  68.330  68.500  67.750
  69.000  66.000  69.330  64.080  69.750  61.750  70.080  60.170
  70.170  58.580  69.670  60.170  68.750  60.500  68.420  59.080
  68.830  58.170  68.580  56.170  68.500  54.000  68.500  52.080
  68.080  50.170  67.670  48.170  66.830  46.330  67.330  44.920
  67.830  46.670  68.500  44.500  68.250  44.170  67.000  44.500
  66.330  43.170  66.080  41.500  65.500  39.670  64.670  39.500
  65.080  37.750  64.420  37.250  63.920  36.750  64.580  34.670
  66.420  33.670  67.170  32.250  66.830  33.170
80 1 58.0 4.83 70.92 41.25
  66.830  33.170  66.420  35.330  66.250  37.250  66.170  39.500
  66.750  41.250  68.000  40.000  68.580  38.000  69.170  35.830
  69.420  33.080  69.750  31.250  70.170  28.750  70.420  31.170
  70.920  29.080  70.500  26.830  70.580  25.580  70.670  24.250
  70.670  22.330  70.080  20.170  69.580  18.080  69.000  17.580
  68.750  15.920  68.670  14.420  68.250  13.670  68.170  14.000
  68.330  16.170  67.420  14.670  66.580  13.330  65.250  12.170
  64.330  10.670  63.750   8.920  62.920   7.000  62.170   5.670
  61.170   4.830  59.920   5.580  59.330   6.170  58.330   6.000
  58.000   7.670  59.000   9.750  59.080  11.080  58.000  11.670
68 1 54.33 11.67 65.75 29.75
  58.000  11.670  56.500  12.920  55.420  13.670  56.170  14.670
  56.750  16.330  58.250  16.670  59.170  18.330  60.170  18.580
  61.250  17.170  63.000  18.420  63.580  19.830  64.500  21.670
  65.330  21.420  65.750  23.170  65.500  25.330  64.330  24.080
  63.420  22.420  62.500  21.170  61.000  21.330  60.170  22.580
  60.080  24.420  60.420  26.250  60.580  28.330  60.250  29.750
  60.000  29.170  59.420  26.830  59.500  25.000  59.170  23.500
  57.750  24.330  57.080  23.250  57.580  21.670  56.170  21.000
  54.920  20.000  54.330  18.670
58 1 43.67 -4.25 57.5 18.67
  54.330  18.670  54.580  16.670  54.170  15.170  54.170  13.250
  54.330  12.250  53.920  10.750  54.750  10.000  56.000  10.170
  56.500  10.250  57.500   9.830  56.830   8.250  55.330   8.670
  54.080   9.000  53.670   7.330  53.250   5.500  52.250   5.500
  52.420   4.580  51.250   3.000  50.500   1.580  49.670   0.170
  49.250  -1.080  49.170  -1.580  48.500  -2.670  48.580  -4.170
  47.830  -4.250  47.500  -2.500  46.250  -1.250  44.670  -1.170
  43.670  -1.420
58 1 36.5 -9.25 44.25 16.0
  43.670  -1.420  43.500  -3.580  43.500  -5.080  43.500  -6.580
  43.330  -8.330  42.420  -8.750  40.750  -8.670  39.330  -9.250
  38.000  -8.750  37.170  -8.330  37.000  -6.500  36.500  -5.000
  36.750  -3.330  37.170  -1.830  38.080  -0.670  39.080  -0.250
  40.420   0.500  41.330   2.080  42.500   3.080  43.500   4.000
  43.000   5.830  43.670   7.420  44.250   9.170  43.080  10.420
  41.920  12.000  41.250  13.580  40.170  15.000  39.250  16.000
  37.920  16.000
56 1 37.58 12.25 45.5 28.83
  37.920  16.000  39.000  17.000  40.170  16.670  39.920  17.920
  40.830  17.420  41.500  15.830  42.080  14.670  43.420  13.580
  44.250  12.250  45.500  12.580  45.080  13.500  45.000  14.830
  43.750  15.750  43.000  17.330  42.000  19.000  40.750  19.330
  39.580  20.080  38.330  21.080  38.330  22.580  37.580  24.000
  38.170  24.170  39.250  23.170  40.580  22.580  40.670  23.500
  40.920  25.170  40.580  26.580  40.670  27.080  41.000  28.830
58 1 30.25 15.58 41.0 35.92
  41.000  28.830  40.330  28.420  40.330  26.580  39.500  26.830
  38.580  26.330  37.580  27.080  37.000  28.170  36.330  29.250
  36.830  30.670  36.170  32.250  36.500  34.080  36.580  35.500
  36.000  35.920  34.500  35.830  33.000  35.000  31.500  34.330
  31.000  32.670  31.420  31.830  31.170  30.000  31.080  28.420
  31.420  26.920  31.500  25.170  32.080  23.750  32.750  22.500
  32.580  20.670  31.500  20.000  30.250  19.170  31.000  17.500
  31.500  15.580
58 1 20.33 -16.83 37.17 15.58
  31.500  15.580  32.670  14.170  32.830  12.170  33.670  10.920
  34.420  10.330  35.750  10.580  36.670  10.330  37.170   9.080
  37.000   7.420  36.750   5.830  36.920   3.830  36.580   1.750
  35.920   0.000  35.170  -1.920  35.250  -3.420  35.500  -5.170
  34.830  -6.330  33.670  -7.420  32.830  -8.830  31.500  -9.830
  29.750  -9.830  28.670 -11.170  27.920 -12.920  26.420 -14.170
  24.670 -15.000  23.420 -16.000  22.080 -16.830  20.750 -16.580
  20.330 -16.170
56 1 0.0 -17.42 20.33 9.75
  20.330 -16.170  19.000 -16.170  17.500 -16.080  15.830 -16.420
  14.750 -17.420  13.420 -16.670  12.080 -16.330  11.250 -15.420
  10.000 -14.000   8.670 -13.170   7.330 -12.420   6.420 -11.000
   5.250  -9.420   4.330  -7.830   4.670  -6.330   5.170  -4.750
   5.080  -3.080   5.000  -1.580   5.830   0.330   6.330   1.830
   6.500   3.420   5.920   5.000   4.250   6.000   4.420   7.500
   4.000   8.920   2.500   9.750   1.080   9.250   0.000   9.330
46 1 40.92 27.5 46.58 41.58
  42.500  27.500  41.330  28.580  41.170  30.500  41.580  32.080
  41.920  33.830  41.670  35.330  41.250  36.750  40.920  38.170
  41.000  39.920  41.670  41.580  42.920  41.000  43.670  39.500
  44.420  38.000  45.080  36.670  44.830  35.080  44.580  33.420
  45.750  33.080  46.000  32.580  46.580  31.420  45.830  30.170
  44.670  29.000  43.330  28.000  42.500  27.500
54 1 36.75 46.67 47.17 54.33
  44.750  46.670  43.420  47.420  42.080  48.250  40.580  49.670
  40.000  49.420  38.580  48.830  37.420  49.500  36.750  51.000
  36.920  53.170  37.830  53.750  39.170  53.580  40.000  52.750
  40.670  53.500  41.330  54.330  42.000  53.000  42.170  52.330
  42.830  51.830  44.170  50.750  44.580  50.920  45.330  51.750
  45.250  53.670  46.420  53.670  47.170  52.080  46.830  50.170
  46.330  49.000  46.080  47.580  44.750  46.670
42 1 -25.33 43.25 -12.42 50.33
 -21.920  43.250 -23.920  43.670 -25.330  44.580 -25.080  46.420
 -23.750  47.500 -22.170  47.920 -20.500  48.500 -19.080  49.000
 -17.420  49.420 -15.500  49.670 -14.920  50.330 -13.000  49.830
 -12.420  48.830 -13.580  47.830 -14.750  47.250 -15.750  45.920
 -16.170  44.500 -18.000  44.000 -19.580  44.500 -21.330  43.580
 -21.920  43.250
46 1 33.42 130.92 41.33 141.92
  34.330 130.920  33.920 132.000  34.500 133.500  34.750 135.500
  33.420 135.750  34.670 136.500  34.580 138.080  35.250 139.080
  35.170 140.330  36.750 140.670  38.330 141.080  39.670 141.920
  41.330 141.420  40.920 141.080  40.330 140.000  38.580 139.500
  37.420 138.580  36.750 137.000  36.830 136.670  35.500 135.670
  35.580 134.000  35.080 132.330  34.330 130.920
26 1 41.67 139.83 45.25 145.25
  42.580 139.830  41.670 140.500  42.250 140.250  42.580 141.830
  42.000 143.250  42.920 144.750  43.330 145.250  43.920 144.670
  44.500 143.000  45.250 141.500  43.750 141.250  43.250 140.330
  42.580 139.830
30 1 46.42 141.67 54.0 144.17
  53.330 141.750  51.750 141.670  50.000 142.080  48.500 142.000
  47.000 142.000  46.420 142.250  46.750 143.420  47.830 142.500
  49.330 143.250  49.500 144.170  51.000 143.500  52.500 143.170
  54.000 142.920  53.580 142.250  53.330 141.750
50 1 70.58 51.67 77.0 68.83
  71.580  51.670  70.830  53.830  70.670  55.330  70.580  56.920
  71.080  56.330  72.500  55.580  73.330  57.000  74.170  58.670
  75.000  60.750  75.330  62.250  75.670  63.830  75.830  65.500
  76.080  67.250  76.330  68.830  77.000  67.750  76.750  66.000
  76.250  63.170  76.250  61.170  75.920  59.250  75.330  57.500
  75.080  55.750  73.750  53.830  73.170  53.250  72.080  51.670
  71.580  51.670
48 1 76.5 11.0 80.42 27.0
  79.750  11.000  78.220  13.170  78.220  15.080  77.500  14.000
  76.500  17.000  77.500  18.080  78.630  20.250  77.920  21.670
  77.250  22.670  77.750  24.830  78.080  23.170  78.830  21.500
  79.170  19.000  79.330  20.920  79.170  23.830  79.420  25.670
  80.170  27.000  80.250  24.830  80.420  23.000  80.170  21.000
  80.250  18.000  80.030  16.330  79.830  13.830  79.750  11.000
60 1 50.08 -6.25 58.5 1.58
  50.080  -5.580  50.170  -3.670  50.500  -2.080  50.670   0.080
  51.250   1.420  52.000   1.580  52.920   1.000  53.080   0.330
  54.420  -0.500  55.500  -1.670  56.000  -3.330  57.000  -2.080
  57.670  -2.750  58.000  -3.830  58.500  -4.080  57.750  -5.750
  57.170  -6.250  56.330  -6.000  55.750  -6.170  55.830  -5.080
  54.580  -4.750  54.920  -3.250  54.170  -2.670  53.250  -3.580
  52.750  -4.670  52.080  -4.580  51.670  -4.330  51.580  -2.670
  51.170  -4.080  50.080  -5.580
24 1 51.58 -10.33 55.17 -5.58
  52.170 -10.330  51.580  -8.750  52.080  -7.250  53.000  -6.000
  54.250  -5.580  55.170  -6.750  55.080  -8.250  54.250  -8.500
  53.920 -10.000  53.170  -9.500  52.170  -9.750  52.170 -10.330
60 1 -39.17 115.17 -31.58 150.17
 -34.170 115.170 -35.000 116.670 -35.000 118.330 -34.000 119.750
 -33.830 121.330 -33.830 123.080 -33.000 124.080 -32.330 125.830
 -32.170 127.500 -31.670 129.080 -31.580 130.830 -32.000 132.250
 -32.330 133.920 -33.250 134.830 -35.000 135.670 -33.920 136.750
 -32.830 137.830 -34.500 137.500 -35.170 137.750 -34.670 138.420
 -35.580 138.830 -36.750 139.920 -38.000 140.670 -38.330 142.250
 -38.500 144.000 -38.420 145.000 -39.170 146.420 -38.080 147.830
 -37.830 149.420 -36.250 150.170
62 1 -36.25 136.0 -10.83 153.5
 -36.250 150.170 -34.920 150.830 -33.420 151.500 -32.330 152.500
 -30.580 153.080 -29.000 153.500 -27.580 153.330 -26.080 153.080
 -24.580 152.170 -23.580 151.000 -22.080 150.000 -21.420 149.330
 -20.170 148.330 -19.330 147.000 -17.830 146.170 -16.000 145.500
 -14.670 144.920 -13.750 143.580 -12.170 143.080 -10.830 142.420
 -12.170 141.750 -14.080 141.580 -15.580 141.580 -17.000 141.000
 -17.830 140.000 -16.830 138.670 -16.000 137.330 -15.330 136.000
 -13.830 136.000 -12.830 136.670 -12.080 136.500
62 1 -34.17 113.33 -11.83 136.5
 -12.080 136.500 -12.330 135.250 -11.920 133.500 -11.830 132.670
 -12.330 131.080 -13.580 130.420 -14.500 129.330 -14.920 129.080
 -14.750 128.170 -13.920 126.830 -14.670 125.250 -16.000 124.580
 -16.670 123.580 -17.080 123.250 -17.420 122.170 -19.080 121.670
 -19.830 120.330 -20.330 118.750 -20.670 117.250 -21.080 115.830
 -21.920 114.580 -22.250 113.830 -23.920 113.420 -25.420 113.920
 -26.080 113.750 -26.170 113.330 -27.670 114.170 -29.080 114.920
 -31.000 115.420 -32.920 115.750 -34.170 115.170
32 1 -41.58 173.17 -35.0 178.33
 -39.330 173.750 -40.330 175.250 -41.580 175.250 -40.670 176.420
 -39.250 177.080 -38.580 178.330 -37.750 177.750 -37.670 176.080
 -37.250 175.500 -36.080 174.580 -35.000 173.330 -35.330 173.170
 -36.500 174.170 -37.580 174.830 -39.080 174.080 -39.330 173.750
28 1 -46.5 166.5 -40.67 174.0
 -45.920 166.500 -46.420 167.830 -46.500 169.670 -45.500 170.920
 -44.080 172.000 -43.500 172.750 -42.170 174.000 -40.920 173.830
 -40.670 172.580 -41.830 171.500 -43.000 170.500 -44.000 168.830
 -44.750 167.580 -45.920 166.500
44 1 -5.75 95.33 5.67 105.92
   5.670  95.330   4.330  96.080   3.330  97.250   2.170  98.330
   0.330  99.250  -0.670 100.420  -2.080 100.920  -3.500 102.250
  -4.750 103.500  -5.750 104.750  -5.250 105.830  -3.500 105.920
  -2.330 105.080  -1.000 104.420  -0.250 103.750   1.080 103.080
   1.750 101.750   2.670 100.330   3.750  99.000   4.920  98.000
   5.330  96.330   5.670  95.330
26 1 -8.33 105.5 -6.0 114.42
  -6.670 105.500  -7.330 107.000  -7.750 108.580  -8.000 110.500
  -8.170 112.000  -8.330 113.580  -7.670 114.420  -7.500 112.830
  -6.580 111.330  -6.830 110.080  -6.250 108.420  -6.000 106.670
  -6.670 105.500
22 1 -9.0 116.0 -8.08 123.0
  -8.920 116.000  -9.000 117.670  -8.580 119.500  -8.830 121.000
  -8.500 123.000  -8.670 122.420  -8.330 121.000  -8.580 119.500
  -8.080 117.750  -8.250 116.500  -8.920 116.000
48 1 -3.67 108.92 6.42 118.75
   1.000 108.920  -0.420 109.250  -1.750 110.080  -3.000 110.920
  -3.500 111.830  -3.080 113.250  -3.670 114.670  -3.420 116.170
  -1.750 116.330  -0.580 117.420   0.830 117.920   1.250 118.670
   2.330 118.080   3.670 117.830   4.830 118.250   5.420 118.750
   6.420 117.750   6.250 116.170   4.920 115.420   4.080 113.750
   3.000 112.580   2.250 111.330   1.750 110.000   1.000 108.920
50 1 -5.58 118.83 1.5 124.75
  -2.830 118.830  -4.000 119.670  -5.580 119.500  -4.500 120.420
  -3.000 120.250  -3.420 120.920  -4.670 121.580  -5.330 122.330
  -4.750 123.170  -3.500 122.080  -1.920 121.500  -0.920 122.920
  -0.750 122.580  -1.330 121.170  -0.080 120.080   0.500 121.420
   0.500 123.000   0.580 124.580   1.500 124.750   0.920 123.330
   1.170 121.420   0.750 120.000  -0.920 119.500  -2.420 119.170
  -2.830 118.830
38 1 -10.25 130.83 -1.33 149.25
  -1.330 130.830  -2.250 132.250  -2.000 133.830  -2.750 132.670
  -3.250 132.670  -3.500 133.670  -4.330 135.000  -4.830 136.750
  -5.580 138.170  -7.250 138.750  -8.330 137.670  -8.080 139.420
  -9.000 141.000  -9.250 142.580  -8.170 143.580  -7.670 145.000
  -8.500 146.250  -9.670 147.420 -10.250 149.250
40 1 -10.58 130.83 -0.33 150.58
 -10.250 149.250 -10.580 150.580  -9.580 150.000  -9.080 148.580
  -7.750 147.670  -6.750 147.420  -5.920 146.830  -4.920 145.750
  -3.920 144.500  -3.330 143.000  -2.750 141.500  -2.330 140.000
  -1.670 138.420  -2.080 137.000  -2.920 135.830  -2.500 134.580
  -1.330 134.170  -0.330 132.830  -0.830 131.250  -1.330 130.830
30 1 13.0 119.83 18.33 123.58
  16.250 119.830  14.750 120.080  14.170 120.670  13.920 121.750
  13.500 122.670  13.000 123.420  13.670 123.580  14.170 122.580
  15.250 121.420  16.580 122.330  17.920 122.170  18.330 121.500
  17.580 120.330  16.080 120.330  16.250 119.830
26 1 6.08 122.0 9.75 126.33
   7.170 122.000   7.750 122.830   7.580 124.000   6.170 124.330
   6.080 125.750   7.330 125.750   6.830 126.330   8.250 126.330
   9.750 125.420   8.500 124.670   8.670 123.500   7.750 122.080
   7.170 122.000
-99 -99
