      44   1   -90.0    0.000 -66.973  180.000
-69.763    0.000 -69.763   40.781 -66.973   40.781 -66.973   68.906 
-69.763   68.906 -69.763   80.156 -66.973   80.156 -66.973  147.656 
-69.763  147.656 -69.763  150.469 -66.973  150.469 -66.973  153.281 
-69.763  153.281 -69.763  170.157 -75.342  170.156 -75.342  164.531 
-78.131  164.531 -78.131  161.719 -80.919  161.719 -80.919  164.531 
-83.705  164.531 -83.705  180.000
      86   1   -90.0 -180.000 -64.182    0.000
-83.705 -180.000 -83.705 -167.344 -86.480 -167.344 -86.480 -153.281 
-78.131 -153.281 -78.131 -147.656 -75.342 -147.656 -75.342 -122.344
-72.553 -122.344 -72.553 -119.531 -75.342 -119.531 -75.342  -99.844
-72.553  -99.844 -72.553  -71.719 -69.763  -71.719 -69.763  -66.094
-69.763  -66.094 -66.973  -66.094 -66.973  -63.281 -64.182  -63.281
-64.182  -60.469 -66.973  -60.469 -66.973  -63.281 -69.763  -63.281
-69.763  -60.469 -75.342  -60.469 -75.342  -66.973 -78.131  -66.094
-78.131  -77.344 -80.919  -77.344 -80.919  -54.844 -78.131  -54.844
-78.131  -43.594 -80.919  -43.594 -80.919  -35.156 -78.131  -35.156
-78.131  -29.531 -75.342  -29.531 -75.342  -18.281 -72.553  -18.281
-72.553   -9.844 -69.763   -9.844 -69.763    0.000 
      66       1   -36.278  113.906 -11.162  153.281
-36.278  136.406 -36.278  142.031 -39.068  142.031 -39.068  150.469
-33.487  150.469 -33.487  153.281 -25.115  153.281 -25.115  150.469
-19.534  150.469 -19.534  147.656 -16.744  147.656 -16.744  144.844
-13.953  144.844 -13.953  142.031 -16.744  142.031 -16.744  136.406
-11.162  136.406 -11.162  130.781 -13.953  130.781 -13.953  125.156
-16.744  125.156 -16.744  122.344 -19.534  122.344 -19.534  116.719
-22.325  116.719 -22.325  113.906 -30.697  113.906 -30.697  116.719
-36.278  116.719 -36.278  119.531 -33.487  119.531 -33.487  136.406
-36.278  136.406
      122       1    11.162  -35.156 -55.811  -80.156
-55.811  -71.719 -55.811  -66.094 -53.021  -66.094 -53.021  -68.906
-50.230  -68.906 -50.230  -66.094 -44.649  -66.094 -44.649  -63.281
-39.068  -63.281 -39.068  -57.656 -36.278  -57.656 -36.278  -54.844
-33.487  -54.845 -33.487  -52.031 -30.697  -52.031 -30.697  -49.219 
-25.115  -49.219 -25.115  -43.594 -22.325  -43.594 -22.325  -40.781
-19.534  -40.781 -19.534  -37.969 -11.162  -37.969 -11.162  -35.156
 -5.581  -35.156  -5.581  -37.969  -2.791  -37.969  -2.791  -46.406
  0.000  -46.406   0.000  -49.219   2.791  -49.219   2.791  -52.031
  5.581  -52.031   5.581  -57.656   8.372  -57.656   8.372  -60.469
 11.162  -60.469  11.162  -74.531   8.372  -74.531   8.372  -77.344
  2.791  -77.344   2.791  -80.156  -8.372  -80.156  -8.372  -77.344
-13.953  -77.344 -13.953  -74.531 -16.744  -74.531 -16.744  -71.719
-19.534  -71.719 -19.534  -68.906 -22.325  -68.906 -22.325  -71.719
-36.278  -71.719 -36.278  -74.531 -41.859  -74.531 -41.859  -71.719
-44.649  -71.719 -44.649  -74.531 -53.021  -74.531 -53.021  -71.719
-55.811  -71.719
      90   1   -33.5   0.000 -25.2   52.031
  5.581    0.000   5.581    7.031    2.791    7.031    2.791    9.844
 -2.791    9.844  -2.791   12.656  -22.325   12.656  -22.325   15.469
-30.697   15.469 -30.697   18.281  -33.487   18.281  -33.487   29.531
-30.697   29.531 -30.697   32.344  -25.115   32.344  -25.115   35.156
-19.534   35.156 -19.534   37.969  -16.744   37.969  -16.744   40.781
 -8.372   40.781  -8.372   37.969   -5.581   37.969   -5.581   40.781
  0.000   40.781   0.000   46.406    2.791   46.406    2.791   49.219 
  8.372   49.219   8.372   52.031   11.162   52.031   11.162   43.594
 13.953   43.594  13.953   40.781   16.744   40.781   16.744   37.969 
 22.325   37.969  22.325   35.156   25.115   35.156   25.115   37.969
 22.325   37.969  22.325   40.781   16.744   40.781   16.744   43.594
 13.953   43.594
     160   1   5.581   52.031 64.182   180.000
 13.953   43.594
 13.953   52.031  16.744   52.031  16.744   57.656  19.534   57.656
 19.534   60.469  25.115   60.469  25.115   68.906  22.325   68.906
 22.325   71.719  16.744   71.719  16.744   74.531  11.162   74.531
 11.162   77.344   8.372   77.344   8.372   80.156   5.581   80.156
  5.581   82.969   8.372   82.969   8.372   80.156  16.744   80.156
 16.744   82.969  19.534   82.969  19.534   88.594  22.325   88.594
 22.325   91.406  19.534   91.406  19.534   94.219  16.744   94.219
 16.744   97.031  11.162   97.031  11.162  105.469   8.372  105.469
  8.372  108.281  16.744  108.281  16.744  105.469  19.534  105.469
 19.534  111.094  22.325  111.094  22.325  116.719  25.115  116.719
 25.115  119.531  22.325  119.531  22.325  122.344  25.115  122.344
 25.115  119.531  27.906  119.531  27.906  122.344  33.487  122.344 
 33.487  119.531  39.068  119.531  39.068  125.156  36.278  125.156
 36.278  127.969  41.859  127.969  41.859  136.406  44.649  136.406
 44.649  139.219  47.440  139.219  47.440  142.031  53.021  142.031
 53.021  139.219  58.602  139.219  58.602  156.094  61.392  156.094
 61.392  161.719  58.602  161.719  58.602  158.906  55.811  158.906
 55.811  156.094  50.230  156.094  50.230  158.906  53.021  158.906
 53.021  161.719  58.602  161.719  58.602  167.344  61.392  167.344
 61.392  178.594  64.182  178.594  64.182  180.000
     12   1   64.182   -180.000 69.763  -170.156
 64.182 -180.000  64.182 -170.156  66.973 -170.156  66.973 -178.594
 69.763 -178.594  69.763 -180.000
     64   1   50.230  180.000 78.131  0.000
 69.763  180.000  69.763  153.281  72.553  153.281  72.553  113.906
 75.342  113.906  75.342  111.094  78.131  111.094  78.131   99.844
 75.342   99.844  75.342   85.781  72.553   85.781  72.553   68.906
 69.763   68.906  69.763   52.031  66.973   52.031  66.973   37.969
 69.763   37.969  69.763   15.469  66.973   15.469  66.973   12.656
 64.182   12.656  64.182    7.031  61.392    7.031  61.392    4.219
 58.602    4.219  58.602   12.656  55.811   12.656  55.811    7.031
 53.021    7.031  53.021    4.219  50.230    4.219  50.230    0.000 
     18   1  -41.859  167.344 47.440 172.969
-44.649  167.344  -44.649 170.156 -41.859  170.156 -41.859  172.969
-44.649  172.969  -44.649 170.156 -47.440  170.156 -47.440  167.344
-44.649  167.344
     14   1  -25.115  43.594 -13.953 49.219
-25.115   43.594  -25.115  49.219 -13.953   49.219 -13.953   46.406
-16.744   46.406  -16.744  43.594 -25.115   43.594
     26   1  -8.372  130.781 0.000 147.656
 -2.791  130.781   -2.791 133.594  -5.581  133.594  -5.581  139.219
 -8.372  139.219   -8.372 147.656  -5.581  147.656  -5.581  144.844
 -2.791  144.844   -2.791 133.594   0.000  133.594   0.000  130.781
 -2.791  130.781
     18   1  -5.581  99.844 5.581 105.469
  5.581  99.844     5.581 102.656   0.000  102.656   0.000  105.469
 -5.581 105.469    -5.581 102.656  -2.791  102.656  -2.791   99.844
  5.581  99.844
     26   1  -2.791  111.094 5.581 122.344
  5.581 113.906     5.581 119.531   0.000  119.531   0.000  122.344
 -2.791 122.344    -2.791 119.531   0.000  119.531   0.000  116.719
 -2.791 116.719    -2.791 111.094   2.791  111.094   2.791  113.906
  5.581 113.906
     10   1  -8.372  108.281 -5.581 111.094
 -5.581 108.281    -5.581 111.094  -8.372  111.094  -8.372  108.281
 -5.581 108.281
     10   1  13.953  119.531 16.744 122.344
 13.953 119.531    13.953 122.344  16.744  122.344  16.744  119.531
 13.953 119.531
     26   1  33.487  130.781 44.649 144.844
 33.487 130.781    33.487 139.219  36.278  139.219  36.278  142.031
 41.859 142.031    41.859 144.844  44.649  144.844  44.649  142.031
 41.859 142.031    41.859 139.219  36.278  139.219  36.278  130.781
 33.487 130.781
     10   1  25.115  49.219 27.906 54.844
 25.115  49.219    25.115  54.844  27.906   54.844  27.906   49.219
 25.115  49.219
     18   1  36.278  49.219 44.649 54.844
 36.278  49.219    36.278  54.844  39.068   54.844  39.068   52.031
 44.649  52.031    44.649  54.844  47.440   54.844  47.440   49.219
 36.278  49.219
     10   1  41.859  29.531 44.649 40.781
 44.649  29.531    44.649  40.781  41.859   40.781  41.859   29.531
 44.649  29.531
     52   1  41.859  29.531 44.649 40.781
 36.278   0.000    36.278   9.844  33.487    9.844  33.487   15.469
 30.697  15.469    30.697  21.094  33.487   21.094  33.487   23.906
 30.697  23.906    30.697  35.156  36.278   35.156  36.278   26.719
 39.068  26.719    39.068  23.906  36.278   23.906  36.278   21.094
 39.068  21.094    39.068  15.469  41.859   15.469  41.859    9.844
 44.649   9.844    44.649   7.031  41.859    7.031  41.859    1.406
 39.068   1.406    39.068   0.000
     22   1  53.021  15.469 64.182 23.906
 53.021  15.469    53.021  18.281  55.811   18.281  55.811   23.906
 61.392  23.906    61.392  21.094  64.182   21.094  64.182   18.281
 55.811  18.281    55.811  15.469  53.021   15.469
      8   1  36.278  -1.406 39.068 0.000
 36.278   0.000    36.278  -1.406  39.068   -1.406  39.068    0.000
     64   1  58.602  0.000  5.581 -18.281
 53.021    0.000   53.021   -1.406  58.602   -1.406  58.602   -4.219
 47.440   -4.219   47.440   -1.406  41.859   -1.406  41.859   -4.219
 44.649   -4.219   44.649   -7.031  41.859   -7.031  41.859   -9.844
 39.068   -9.844   39.068   -7.031  33.487   -7.031  33.487   -9.844
 27.906   -9.844   27.906  -12.656  25.115  -12.656  25.115  -15.469
 22.325  -15.469   22.325  -18.281  19.534  -18.281  19.534  -15.469
 16.744  -15.469   16.744  -18.281  13.953  -18.281  13.953  -15.469
  8.372  -15.469    8.372  -12.656   5.581  -12.656   5.581    0.000 
    282   1  83.705 -18.281 11.162 -164.531
 69.763 -164.531   58.602 -164.531  58.602  -158.906 55.811 -158.906
 55.811 -156.094   58.602 -156.094  58.602  -147.656 61.392 -147.656
 61.392 -144.844   58.602 -144.844  58.602  -136.406 55.811 -136.406
 55.811 -130.781   53.021 -130.781  53.021  -127.969 50.230 -127.969
 50.230 -125.156   39.068 -125.156  39.068  -122.344 36.278 -122.344
 36.278 -119.531   33.487 -119.531  33.487  -116.719 30.697 -116.719
 30.697 -113.906   27.906 -113.906  27.906  -111.094 25.115 -111.094
 25.115 -108.281   22.325 -108.281  22.325  -105.469 19.534 -105.469
 19.534 -102.656   16.744 -102.656  16.744   -94.219 13.953  -94.219
 13.953  -85.781   11.162  -85.781  11.162   -82.969 16.744  -82.969 
 16.744  -88.594   19.534  -88.594  19.534   -85.781 22.325  -85.781
 22.325  -88.594   19.534  -88.594  19.534   -97.031 27.906  -97.031 
 27.906  -94.219   30.697  -94.219  30.697   -91.406 27.906  -91.406
 27.906  -88.594   30.697  -88.594  30.697   -82.969 25.115  -82.969
 25.115  -80.156   33.487  -80.156  33.487   -77.344 36.278  -77.344
 36.278  -74.531   39.068  -74.531  39.068   -71.719 41.859  -71.719
 41.859  -68.906   44.649  -68.906  44.649   -63.281 50.230  -63.281
 50.230  -57.656   47.440  -57.656  47.440   -54.844 53.021  -54.844
 53.021  -57.656   55.811  -57.656  55.811   -63.281 58.602  -63.281
 58.602  -68.906   61.392  -68.906  61.392   -66.094 64.182  -66.094 
 64.182  -63.281   66.973  -63.281  66.973   -66.094 69.763  -66.094
 69.763  -71.719   72.553  -71.719  72.553   -77.344 78.131  -77.344
 78.131  -68.906   80.919  -68.906  80.919   -66.094 78.131  -66.094
 78.131  -68.906   75.342  -68.906  75.342   -57.656 72.553  -57.656
 72.553  -54.844   66.973  -54.844  66.973   -52.031 64.182  -52.031
 64.182  -49.219   61.392  -49.219  61.392   -40.781 64.182  -40.781
 64.182  -37.969   66.973  -37.969  66.973   -26.719 69.763  -26.719
 69.763  -21.094   72.553  -21.094  72.553   -18.281 80.919  -18.281
 80.919  -23.906   83.705  -23.906  83.705   -52.031 80.919  -52.031
 80.919  -63.281   83.705  -63.281  83.705   -85.781 80.919  -85.781
 80.919  -97.031   78.131  -97.031  78.131   -99.844 69.763  -99.844
 69.763 -102.656   72.553 -102.656  72.553  -116.719 69.763 -116.719
 69.763 -119.531   72.553 -119.531  72.553  -116.719 75.342 -116.719
 75.342 -113.906   78.131 -113.906  78.131  -116.719 75.342 -116.719
 75.342 -125.156   72.553 -125.156  72.553  -122.344 69.763 -122.344
 69.763 -164.531
     10   1  75.342 -111.094 78.131 -108.281
 75.342 -108.281   78.131 -108.281  78.131  -111.094 75.342 -111.094
 75.342 -108.281
     10   1  69.763 -91.406 75.342 -88.594
 75.342  -91.406   75.342  -88.594  69.763   -88.594 69.763  -91.406
 75.342  -91.406
     10   1  72.553 -97.031 75.342 -94.219
 75.342  -97.031   75.342  -94.219  72.553   -94.219 72.553  -97.031
 75.342  -97.031
     38   1  53.021 -94.219 69.763 -74.531
 69.763  -80.156   69.763  -74.531  64.182   -74.531 64.182  -68.906 
 61.392  -68.906   61.392  -77.344  53.021   -77.344 53.021  -82.969
 55.811  -82.969   55.811  -91.406  58.602   -91.406 58.602  -94.219 
 61.392  -94.219   61.392  -91.406  64.182   -91.406 64.182  -82.969
 66.973  -82.969   66.973  -80.156  69.763   -80.156
     10   1  64.182 -21.094 66.973 -15.469
 66.973  -21.094   66.973  -15.469  64.182   -15.469 64.182  -21.094 
 66.973  -21.094
     10   1  16.744 -71.719 19.534 -68.906
 19.534  -71.719   19.534  -68.906  16.744   -68.906 16.744  -71.719
 19.534  -71.719
     -99     -99
